# Blender 3.5.1
# www.blender.org
o Cube
v -0.000000 -0.125363 -0.538939
v 0.264845 -0.018945 -0.092729
v 0.264845 -0.300236 -0.340036
v -0.264845 -0.018945 -0.092729
v -0.264845 -0.300236 -0.340036
v 0.000000 -0.193817 0.106174
v 0.000000 -0.475108 -0.141133
v 0.000000 -0.443556 -0.148658
v -0.251603 -0.010201 -0.102674
v 0.000000 -0.176330 0.086284
v 0.251603 -0.010201 -0.102674
v -0.000000 -0.111299 -0.526573
v 0.251602 -0.277428 -0.337616
v -0.251603 -0.277428 -0.337616
vn -0.0000 0.7510 0.6603
vn 0.7071 -0.4669 0.5310
vn -0.7071 -0.4669 0.5310
vn -0.0000 -0.7510 -0.6603
vn 0.7071 0.4669 -0.5310
vn -0.7071 0.4669 -0.5310
vt 0.375000 0.500000
vt 0.625000 0.750000
vt 0.375000 0.750000
vt 0.875000 0.500000
vt 0.625000 0.250000
vt 0.125000 0.500000
vt 0.375000 0.250000
vt 0.875000 0.750000
vt 0.625000 1.000000
vt 0.625000 0.000000
vt 0.375000 1.000000
vt 0.375000 0.000000
vt 0.125000 0.750000
vt 0.375000 1.000000
vt 0.375000 0.000000
vt 0.125000 0.750000
vt 0.862500 0.500000
vt 0.625000 0.262500
vt 0.612500 0.237500
vt 0.862500 0.737500
vt 0.612500 1.000000
vt 0.612500 0.000000
vt 0.625000 0.737500
vt 0.612500 0.762500
vt 0.387500 0.500000
vt 0.362500 0.512500
vt 0.387500 0.737500
vt 0.375000 0.762500
vt 0.362500 0.750000
vt 0.387500 0.262500
vt 0.375000 0.237500
vt 0.125000 0.512500
s 0
f 10/20/1 9/17/1 4/4/1 6/8/1 2/2/1 11/23/1
f 3/3/2 2/2/2 6/9/2 7/11/2
f 7/12/3 6/10/3 4/5/3 5/7/3
f 5/6/4 1/1/4 3/3/4 7/13/4
f 2/2/5 3/3/5 1/1/5 12/25/5 13/27/5 11/23/5
f 1/1/6 5/7/6 4/5/6 9/18/6 14/30/6 12/25/6
f 13/28/6 8/14/6 10/21/6 11/24/6
f 10/22/5 8/15/5 14/31/5 9/19/5
f 14/32/1 8/16/1 13/29/1 12/26/1
o Cube.001
v 0.069740 -0.200911 -0.178503
v 0.069740 -0.102487 -0.184831
v 0.000000 -0.196437 -0.108907
v 0.000000 -0.098013 -0.115235
v -0.000000 -0.205385 -0.248099
v -0.000000 -0.106962 -0.254427
v -0.069740 -0.200911 -0.178503
v -0.069740 -0.102487 -0.184831
vn 0.7071 0.0454 0.7056
vn -0.7071 0.0454 0.7057
vn -0.7071 -0.0454 -0.7056
vn 0.7071 -0.0454 -0.7057
vn -0.0000 -0.9979 0.0642
vn -0.0000 0.9979 -0.0642
vt 0.375000 0.000000
vt 0.375000 1.000000
vt 0.125000 0.750000
vt 0.625000 0.000000
vt 0.625000 1.000000
vt 0.875000 0.750000
vt 0.375000 0.250000
vt 0.125000 0.500000
vt 0.625000 0.250000
vt 0.875000 0.500000
vt 0.375000 0.750000
vt 0.625000 0.750000
vt 0.375000 0.500000
vt 0.625000 0.500000
s 0
f 15/33/7 16/36/7 18/41/7 17/39/7
f 17/39/8 18/41/8 22/46/8 21/45/8
f 21/45/9 22/46/9 20/44/9 19/43/9
f 19/43/10 20/44/10 16/37/10 15/34/10
f 17/40/11 21/45/11 19/43/11 15/35/11
f 22/46/12 18/42/12 16/38/12 20/44/12
